61   4
61   6
3   2
43   63
3   24
6   59
17   41
59   25
19   59
28   45
31   52
44   62
15   39
54   57
2   61
15   35
26   49
23   43
30   51
23   46
17   32
24   48
25   41
16   36
60   59
1   56
25   38
58   58
38   3
2   1
53   54
60   60
4   62
16   40
61   54
25   40
57   20
26   42
17   61
56   53
17   42
51   0
50   1
51   63
54   55
2   23
59   21
19   37
23   47
58   23
27   44
17   34
59   3
6   60
59   22
18   62
17   56
52   61
53   2
59   63
19   57
23   39
63   0
17   38
62   57
52   56
22   51
