60   0
49   58
22   26
38   44
21   32
46   45
60   52
48   43
39   33
51   55
42   30
32   40
38   25
49   46
53   48
57   47
37   38
36   41
41   29
35   33
26   26
32   26
42   45
50   57
37   27
54   51
47   58
62   51
36   30
9   50
58   56
25   28
39   44
24   29
52   44
41   37
44   42
59   50
34   34
55   51
30   27
31   27
58   1
31   38
19   30
34   25
56   4
35   25
43   39
51   63
40   39
57   6
36   9
61   52
52   56
55   60
23   33
27   28
51   45
38   33
29   38
46   60
57   60
28   26
50   47
45   59
29   26
47   45
