1  77
2  81
3  69
4  95
5  122
6  139
7  134
8  139
9  151
10  150
11  141
12  163
13  181
14  175
15  191
16  197
17  196
18  199
19  196
20  206
21  219
22  191
23  221
24  198
25  200
26  212
27  215
28  213
29  190
30  187
31  177
32  212
33  185
34  195
35  235
36  220
37  215
38  211
39  182
40  200
41  185
42  168
43  173
44  167
45  176
46  169
47  151
48  144
49  150
50  139
51  130
52  145
53  130
54  102
55  104
56  93
57  82
58  75
59  73
60  66
61  55
62  50
63  43
64  39
65  26
66  24
67  18
68  13
69  14
70  3
71  4
72  3
73  2
74  4
75  0
76  0
77  0
78  0
79  0
80  0
81  0
82  0
83  0
84  0
85  0
86  0
87  0
88  0
89  0
90  0
91  0
92  0
93  0
94  0
95  0
96  0
97  0
98  0
99  0
100  0
101  0
102  0
103  0
104  0
105  0
106  0
107  0
108  0
109  0
110  0
111  0
112  0
113  0
114  0
115  0
116  0
117  0
118  0
119  0
120  0
121  0
122  0
123  0
124  0
125  0
126  0
127  0
128  0
