0         0             0             0             -nan             -inf             -inf
0.02         0             0             0             -nan             -3.91202             -inf
0.04         0             2             0.02             -1             -3.21888             -3.89182
0.06         0             1             0.01             -1             -2.81341             -4.59512
0.08         0             4             0.04             -1             -2.52573             -3.17805
0.1         0             9             0.09             -1             -2.30259             -2.31363
0.12         0             8             0.08             -1             -2.12026             -2.44235
0.14         0             7             0.07             -1             -1.96611             -2.58669
0.16         0             23             0.23             -1             -1.83258             -1.20831
0.18         0             8             0.08             -1             -1.7148             -2.44235
0.2         0             12             0.12             -1             -1.60944             -1.99243
0.22         0             20             0.2             -1             -1.51413             -1.38629
0.24         0             20             0.2             -1             -1.42712             -1.38629
0.26         0             14             0.14             -1             -1.34707             -1.81529
0.28         0             26             0.26             -1             -1.27297             -1.04597
0.3         0             25             0.25             -1             -1.20397             -1.09861
0.32         0             32             0.32             -1             -1.13943             -0.753772
0.34         0             22             0.22             -1             -1.07881             -1.26567
0.36         0             27             0.27             -1             -1.02165             -0.994623
0.38         0             23             0.23             -1             -0.967584             -1.20831
0.4         0             18             0.18             -1             -0.916291             -1.51635
0.42         0             22             0.22             -1             -0.867501             -1.26567
0.44         0             24             0.24             -1             -0.820981             -1.15268
0.46         0             35             0.35             -1             -0.776529             -0.619039
0.48         0             30             0.3             -1             -0.733969             -0.847298
0.5         0             36             0.36             -1             -0.693147             -0.575364
0.52         0             29             0.29             -1             -0.653926             -0.895384
0.54         0             31             0.31             -1             -0.616186             -0.800119
0.56         0             32             0.32             -1             -0.579818             -0.753772
0.58         0             32             0.32             -1             -0.544727             -0.753772
0.6         0             36             0.36             -1             -0.510826             -0.575364
0.62         0             38             0.38             -1             -0.478036             -0.489548
0.64         0             41             0.41             -1             -0.446287             -0.363965
0.66         0             37             0.37             -1             -0.415515             -0.532217
0.68         0             43             0.43             -1             -0.385662             -0.281851
0.7         0             48             0.48             -1             -0.356675             -0.0800427
0.72         0             45             0.45             -1             -0.328504             -0.200671
0.74         0             42             0.42             -1             -0.301105             -0.322773
0.76         0             47             0.47             -1             -0.274437             -0.120144
0.78         0             35             0.35             -1             -0.248461             -0.619039
0.8         0             52             0.52             -1             -0.223144             0.0800427
0.82         0             50             0.5             -1             -0.198451             0
0.84         0             52             0.52             -1             -0.174353             0.0800427
0.86         0             40             0.4             -1             -0.150823             -0.405465
0.88         0             46             0.46             -1             -0.127833             -0.160343
0.9         0             41             0.41             -1             -0.105361             -0.363965
0.92         0             53             0.53             -1             -0.0833816             0.120144
0.94         0             38             0.38             -1             -0.0618754             -0.489548
0.96         0             52             0.52             -1             -0.040822             0.0800427
0.98         0             49             0.49             -1             -0.0202027             -0.0400053
1         0             41             0.41             -1             0             -0.363965
1.02         0             53             0.53             -1             0.0198026             0.120144
1.04         0             47             0.47             -1             0.0392207             -0.120144
1.06         0             58             0.58             -1             0.0582689             0.322773
1.08         0             55             0.55             -1             0.076961             0.200671
1.1         0             49             0.49             -1             0.0953102             -0.0400053
1.12         0             50             0.5             -1             0.113329             0
1.14         0             44             0.44             -1             0.131028             -0.241162
1.16         0             54             0.54             -1             0.14842             0.160343
1.18         0             56             0.56             -1             0.165514             0.241162
1.2         0             59             0.59             -1             0.182322             0.363965
1.22         0             60             0.6             -1             0.198851             0.405465
1.24         0             57             0.57             -1             0.215111             0.281851
1.26         0             47             0.47             -1             0.231112             -0.120144
1.28         0             54             0.54             -1             0.24686             0.160343
1.3         0             61             0.61             -1             0.262364             0.447312
1.32         0             58             0.58             -1             0.277632             0.322773
1.34         0             55             0.55             -1             0.29267             0.200671
1.36         0             63             0.63             -1             0.307485             0.532217
1.38         0             62             0.62             -1             0.322083             0.489548
1.4         0             63             0.63             -1             0.336472             0.532217
1.42         0             61             0.61             -1             0.350657             0.447312
1.44         0             54             0.54             -1             0.364643             0.160343
1.46         0             57             0.57             -1             0.378436             0.281851
1.48         0             55             0.55             -1             0.392042             0.200671
1.5         0             63             0.63             -1             0.405465             0.532217
1.52         0             55             0.55             -1             0.41871             0.200671
1.54         0             60             0.6             -1             0.431782             0.405465
1.56         0             57             0.57             -1             0.444686             0.281851
1.58         0             58             0.58             -1             0.457425             0.322773
1.6         0             71             0.71             -1             0.470004             0.895384
1.62         0             67             0.67             -1             0.482426             0.708185
1.64         0             63             0.63             -1             0.494696             0.532217
1.66         0             69             0.69             -1             0.506818             0.800119
1.68         0             66             0.66             -1             0.518794             0.663294
1.7         0             67             0.67             -1             0.530628             0.708185
1.72         0             58             0.58             -1             0.542324             0.322773
1.74         0             68             0.68             -1             0.553885             0.753772
1.76         0             56             0.56             -1             0.565314             0.241162
1.78         0             59             0.59             -1             0.576613             0.363965
1.8         0             62             0.62             -1             0.587787             0.489548
1.82         0             67             0.67             -1             0.598837             0.708185
1.84         0             63             0.63             -1             0.609766             0.532217
1.86         0             65             0.65             -1             0.620576             0.619039
1.88         0             70             0.7             -1             0.631272             0.847298
1.9         0             70             0.7             -1             0.641854             0.847298
1.92         0             68             0.68             -1             0.652325             0.753772
1.94         0             70             0.7             -1             0.662688             0.847298
1.96         0             70             0.7             -1             0.672944             0.847298
1.98         0             66             0.66             -1             0.683097             0.663294
2         0             66             0.66             -1             0.693147             0.663294
2.02         0             71             0.71             -1             0.703098             0.895384
2.04         0             68             0.68             -1             0.71295             0.753772
2.06         0             76             0.76             -1             0.722706             1.15268
2.08         0             68             0.68             -1             0.732368             0.753772
2.1         0             80             0.8             -1             0.741937             1.38629
2.12         0             64             0.64             -1             0.751416             0.575364
2.14         0             61             0.61             -1             0.760806             0.447312
2.16         0             71             0.71             -1             0.770108             0.895384
2.18         0             73             0.73             -1             0.779325             0.994623
2.2         0             65             0.65             -1             0.788457             0.619039
2.22         0             67             0.67             -1             0.797507             0.708185
2.24         0             65             0.65             -1             0.806476             0.619039
2.26         0             62             0.62             -1             0.815365             0.489548
2.28         0             62             0.62             -1             0.824175             0.489548
2.3         0             71             0.71             -1             0.832909             0.895384
2.32         0             69             0.69             -1             0.841567             0.800119
2.34         0             66             0.66             -1             0.850151             0.663294
2.36         0             63             0.63             -1             0.858662             0.532217
2.38         0             68             0.68             -1             0.8671             0.753772
2.4         0             80             0.8             -1             0.875469             1.38629
2.42         0             65             0.65             -1             0.883768             0.619039
2.44         0             65             0.65             -1             0.891998             0.619039
2.46         0             64             0.64             -1             0.900161             0.575364
2.48         0             72             0.72             -1             0.908259             0.944462
2.5         0             73             0.73             -1             0.916291             0.994623
2.52         0             77             0.77             -1             0.924259             1.20831
2.54         0             73             0.73             -1             0.932164             0.994623
2.56         0             72             0.72             -1             0.940007             0.944462
2.58         0             71             0.71             -1             0.947789             0.895384
2.6         0             60             0.6             -1             0.955511             0.405465
2.62         0             73             0.73             -1             0.963174             0.994623
2.64         0             76             0.76             -1             0.970779             1.15268
2.66         0             71             0.71             -1             0.978326             0.895384
2.68         0             77             0.77             -1             0.985817             1.20831
2.7         0             76             0.76             -1             0.993252             1.15268
2.72         0             71             0.71             -1             1.00063             0.895384
2.74         0             68             0.68             -1             1.00796             0.753772
2.76         0             70             0.7             -1             1.01523             0.847298
2.78         0             74             0.74             -1             1.02245             1.04597
2.8         0             77             0.77             -1             1.02962             1.20831
2.82         0             75             0.75             -1             1.03674             1.09861
2.84         0             74             0.74             -1             1.0438             1.04597
2.86         0             82             0.82             -1             1.05082             1.51635
2.88         0             71             0.71             -1             1.05779             0.895384
2.9         0             75             0.75             -1             1.06471             1.09861
2.92         0             75             0.75             -1             1.07158             1.09861
2.94         0             69             0.69             -1             1.07841             0.800119
2.96         0             71             0.71             -1             1.08519             0.895384
2.98         0             75             0.75             -1             1.09192             1.09861
3         0             73             0.73             -1             1.09861             0.994623
3.02         0             81             0.81             -1             1.10526             1.45001
3.04         0             78             0.78             -1             1.11186             1.26567
3.06         0             65             0.65             -1             1.11841             0.619039
3.08         0             71             0.71             -1             1.12493             0.895384
3.1         0             78             0.78             -1             1.1314             1.26567
3.12         0             80             0.8             -1             1.13783             1.38629
3.14         0             73             0.73             -1             1.14422             0.994623
3.16         0             77             0.77             -1             1.15057             1.20831
3.18         0             77             0.77             -1             1.15688             1.20831
3.2         0             77             0.77             -1             1.16315             1.20831
3.22         0             71             0.71             -1             1.16938             0.895384
3.24         0             79             0.79             -1             1.17557             1.32493
3.26         0             77             0.77             -1             1.18173             1.20831
3.28         0             70             0.7             -1             1.18784             0.847298
3.3         0             74             0.74             -1             1.19392             1.04597
3.32         0             77             0.77             -1             1.19996             1.20831
3.34         0             84             0.84             -1             1.20597             1.65823
3.36         0             72             0.72             -1             1.21194             0.944462
3.38         0             79             0.79             -1             1.21788             1.32493
3.4         0             80             0.8             -1             1.22378             1.38629
3.42         0             73             0.73             -1             1.22964             0.994623
3.44         0             77             0.77             -1             1.23547             1.20831
3.46         0             76             0.76             -1             1.24127             1.15268
3.48         0             73             0.73             -1             1.24703             0.994623
3.5         0             78             0.78             -1             1.25276             1.26567
3.52         0             82             0.82             -1             1.25846             1.51635
3.54         0             74             0.74             -1             1.26413             1.04597
3.56         0             77             0.77             -1             1.26976             1.20831
3.58         0             78             0.78             -1             1.27536             1.26567
3.6         0             71             0.71             -1             1.28093             0.895384
3.62         0             76             0.76             -1             1.28647             1.15268
3.64         0             78             0.78             -1             1.29198             1.26567
3.66         0             75             0.75             -1             1.29746             1.09861
3.68         0             85             0.85             -1             1.30291             1.7346
3.7         0             80             0.8             -1             1.30833             1.38629
3.72         0             76             0.76             -1             1.31372             1.15268
3.74         0             87             0.87             -1             1.31909             1.90096
3.76         0             81             0.81             -1             1.32442             1.45001
3.78         0             75             0.75             -1             1.32972             1.09861
3.8         0             75             0.75             -1             1.335             1.09861
3.82         0             83             0.83             -1             1.34025             1.58563
3.84         0             76             0.76             -1             1.34547             1.15268
3.86         0             85             0.85             -1             1.35067             1.7346
3.88         0             80             0.8             -1             1.35584             1.38629
3.9         0             80             0.8             -1             1.36098             1.38629
3.92         0             82             0.82             -1             1.36609             1.51635
3.94         0             86             0.86             -1             1.37118             1.81529
3.96         0             75             0.75             -1             1.37624             1.09861
3.98         0             79             0.79             -1             1.38128             1.32493
4         0             84             0.84             -1             1.38629             1.65823
4.02         0             78             0.78             -1             1.39128             1.26567
4.04         0             81             0.81             -1             1.39624             1.45001
4.06         0             83             0.83             -1             1.40118             1.58563
4.08         0             78             0.78             -1             1.4061             1.26567
4.1         0             80             0.8             -1             1.41099             1.38629
4.12         0             73             0.73             -1             1.41585             0.994623
4.14         0             81             0.81             -1             1.4207             1.45001
4.16         0             92             0.92             -1             1.42552             2.44235
4.18         0             81             0.81             -1             1.43031             1.45001
4.2         0             75             0.75             -1             1.43508             1.09861
4.22         0             79             0.79             -1             1.43984             1.32493
4.24         0             81             0.81             -1             1.44456             1.45001
4.26         0             84             0.84             -1             1.44927             1.65823
4.28         0             86             0.86             -1             1.45395             1.81529
4.3         0             80             0.8             -1             1.45862             1.38629
4.32         0             75             0.75             -1             1.46326             1.09861
4.34         0             85             0.85             -1             1.46787             1.7346
4.36         0             84             0.84             -1             1.47247             1.65823
4.38         0             76             0.76             -1             1.47705             1.15268
4.4         0             81             0.81             -1             1.4816             1.45001
4.42         0             77             0.77             -1             1.48614             1.20831
4.44         0             80             0.8             -1             1.49065             1.38629
4.46         0             75             0.75             -1             1.49515             1.09861
4.48         0             83             0.83             -1             1.49962             1.58563
4.5         0             80             0.8             -1             1.50408             1.38629
4.52         0             88             0.88             -1             1.50851             1.99243
4.54         0             81             0.81             -1             1.51293             1.45001
4.56         0             79             0.79             -1             1.51732             1.32493
4.58         0             77             0.77             -1             1.5217             1.20831
4.6         0             84             0.84             -1             1.52606             1.65823
4.62         0             90             0.9             -1             1.53039             2.19722
4.64         0             85             0.85             -1             1.53471             1.7346
4.66         0             80             0.8             -1             1.53902             1.38629
4.68         0             89             0.89             -1             1.5433             2.09074
4.7         0             88             0.88             -1             1.54756             1.99243
4.72         0             91             0.91             -1             1.55181             2.31363
4.74         0             92             0.92             -1             1.55604             2.44235
4.76         0             84             0.84             -1             1.56025             1.65823
4.78         0             79             0.79             -1             1.56444             1.32493
4.8         0             78             0.78             -1             1.56862             1.26567
4.82         0             85             0.85             -1             1.57277             1.7346
4.84         0             81             0.81             -1             1.57691             1.45001
4.86         0             74             0.74             -1             1.58104             1.04597
4.88         0             81             0.81             -1             1.58515             1.45001
4.9         0             77             0.77             -1             1.58924             1.20831
4.92         0             84             0.84             -1             1.59331             1.65823
4.94         0             82             0.82             -1             1.59737             1.51635
4.96         0             75             0.75             -1             1.60141             1.09861
4.98         0             82             0.82             -1             1.60543             1.51635
5         0             82             0.82             -1             1.60944             1.51635
5.02         0             87             0.87             -1             1.61343             1.90096
5.04         0             79             0.79             -1             1.61741             1.32493
5.06         0             81             0.81             -1             1.62137             1.45001
5.08         0             81             0.81             -1             1.62531             1.45001
5.1         0             88             0.88             -1             1.62924             1.99243
5.12         0             81             0.81             -1             1.63315             1.45001
5.14         0             83             0.83             -1             1.63705             1.58563
5.16         0             91             0.91             -1             1.64094             2.31363
5.18         0             87             0.87             -1             1.64481             1.90096
5.2         0             85             0.85             -1             1.64866             1.7346
5.22         0             81             0.81             -1             1.6525             1.45001
5.24         0             89             0.89             -1             1.65632             2.09074
5.26         0             77             0.77             -1             1.66013             1.20831
5.28         0             82             0.82             -1             1.66393             1.51635
5.3         0             90             0.9             -1             1.66771             2.19722
5.32         0             75             0.75             -1             1.67147             1.09861
5.34         0             81             0.81             -1             1.67523             1.45001
5.36         0             84             0.84             -1             1.67896             1.65823
5.38         0             87             0.87             -1             1.68269             1.90096
5.4         0             82             0.82             -1             1.6864             1.51635
5.42         0             82             0.82             -1             1.6901             1.51635
5.44         0             78             0.78             -1             1.69378             1.26567
5.46         0             77             0.77             -1             1.69745             1.20831
5.48         0             81             0.81             -1             1.70111             1.45001
5.5         0             78             0.78             -1             1.70475             1.26567
5.52         0             83             0.83             -1             1.70838             1.58563
5.54         0             82             0.82             -1             1.71199             1.51635
5.56         0             90             0.9             -1             1.7156             2.19722
5.58         0             80             0.8             -1             1.71919             1.38629
5.6         0             90             0.9             -1             1.72277             2.19722
5.62         0             83             0.83             -1             1.72633             1.58563
5.64         0             89             0.89             -1             1.72988             2.09074
5.66         0             90             0.9             -1             1.73342             2.19722
5.68         0             90             0.9             -1             1.73695             2.19722
5.7         0             84             0.84             -1             1.74047             1.65823
5.72         0             87             0.87             -1             1.74397             1.90096
5.74         0             83             0.83             -1             1.74746             1.58563
5.76         0             83             0.83             -1             1.75094             1.58563
5.78         0             86             0.86             -1             1.7544             1.81529
5.8         0             85             0.85             -1             1.75786             1.7346
5.82         0             79             0.79             -1             1.7613             1.32493
5.84         0             84             0.84             -1             1.76473             1.65823
5.86         0             89             0.89             -1             1.76815             2.09074
5.88         0             81             0.81             -1             1.77156             1.45001
5.9         0             86             0.86             -1             1.77495             1.81529
5.92         0             88             0.88             -1             1.77834             1.99243
5.94         0             81             0.81             -1             1.78171             1.45001
5.96         0             87             0.87             -1             1.78507             1.90096
5.98         0             90             0.9             -1             1.78842             2.19722
6         0             85             0.85             -1             1.79176             1.7346
6.02         0             92             0.92             -1             1.79509             2.44235
6.04         0             91             0.91             -1             1.7984             2.31363
6.06         0             86             0.86             -1             1.80171             1.81529
6.08         0             95             0.95             -1             1.805             2.94444
6.1         0             80             0.8             -1             1.80829             1.38629
6.12         0             90             0.9             -1             1.81156             2.19722
6.14         0             88             0.88             -1             1.81482             1.99243
6.16         0             93             0.93             -1             1.81808             2.58669
6.18         0             84             0.84             -1             1.82132             1.65823
6.2         0             85             0.85             -1             1.82455             1.7346
6.22         0             86             0.86             -1             1.82777             1.81529
6.24         0             94             0.94             -1             1.83098             2.75154
6.26         0             89             0.89             -1             1.83418             2.09074
6.28         0             85             0.85             -1             1.83737             1.7346
6.3         0             80             0.8             -1             1.84055             1.38629
6.32         0             85             0.85             -1             1.84372             1.7346
6.34         0             85             0.85             -1             1.84688             1.7346
6.36         0             81             0.81             -1             1.85003             1.45001
6.38         0             92             0.92             -1             1.85317             2.44235
6.4         0             91             0.91             -1             1.8563             2.31363
6.42         0             89             0.89             -1             1.85942             2.09074
6.44         0             86             0.86             -1             1.86253             1.81529
6.46         0             85             0.85             -1             1.86563             1.7346
6.48         0             89             0.89             -1             1.86872             2.09074
6.5         0             88             0.88             -1             1.8718             1.99243
6.52         0             88             0.88             -1             1.87487             1.99243
6.54         0             88             0.88             -1             1.87794             1.99243
6.56         0             83             0.83             -1             1.88099             1.58563
6.58         0             85             0.85             -1             1.88403             1.7346
6.6         0             87             0.87             -1             1.88707             1.90096
6.62         0             87             0.87             -1             1.8901             1.90096
6.64         0             92             0.92             -1             1.89311             2.44235
6.66         0             89             0.89             -1             1.89612             2.09074
6.68         0             90             0.9             -1             1.89912             2.19722
6.7         0             90             0.9             -1             1.90211             2.19722
6.72         0             86             0.86             -1             1.90509             1.81529
6.74         0             87             0.87             -1             1.90806             1.90096
6.76         0             87             0.87             -1             1.91102             1.90096
6.78         0             86             0.86             -1             1.91398             1.81529
6.8         0             86             0.86             -1             1.91692             1.81529
6.82         0             92             0.92             -1             1.91986             2.44235
6.84         0             89             0.89             -1             1.92279             2.09074
6.86         0             87             0.87             -1             1.92571             1.90096
6.88         0             87             0.87             -1             1.92862             1.90096
6.9         0             91             0.91             -1             1.93152             2.31363
6.92         0             89             0.89             -1             1.93442             2.09074
6.94         0             90             0.9             -1             1.9373             2.19722
6.96         0             89             0.89             -1             1.94018             2.09074
6.98         0             92             0.92             -1             1.94305             2.44235
7         0             87             0.87             -1             1.94591             1.90096
7.02         0             88             0.88             -1             1.94876             1.99243
7.04         0             84             0.84             -1             1.95161             1.65823
7.06         0             86             0.86             -1             1.95445             1.81529
7.08         0             87             0.87             -1             1.95727             1.90096
7.1         0             87             0.87             -1             1.96009             1.90096
7.12         0             88             0.88             -1             1.96291             1.99243
7.14         0             92             0.92             -1             1.96571             2.44235
7.16         0             83             0.83             -1             1.96851             1.58563
7.18         0             83             0.83             -1             1.9713             1.58563
7.2         0             89             0.89             -1             1.97408             2.09074
7.22         0             91             0.91             -1             1.97685             2.31363
7.24         0             91             0.91             -1             1.97962             2.31363
7.26         0             89             0.89             -1             1.98238             2.09074
7.28         0             91             0.91             -1             1.98513             2.31363
7.3         0             88             0.88             -1             1.98787             1.99243
7.32         0             86             0.86             -1             1.99061             1.81529
7.34         0             90             0.9             -1             1.99334             2.19722
7.36         0             89             0.89             -1             1.99606             2.09074
7.38         0             87             0.87             -1             1.99877             1.90096
7.4         0             91             0.91             -1             2.00148             2.31363
7.42         0             88             0.88             -1             2.00418             1.99243
7.44         0             85             0.85             -1             2.00687             1.7346
7.46         0             89             0.89             -1             2.00956             2.09074
7.48         0             90             0.9             -1             2.01223             2.19722
7.5         0             86             0.86             -1             2.0149             1.81529
7.52         0             88             0.88             -1             2.01757             1.99243
7.54         0             86             0.86             -1             2.02022             1.81529
7.56         0             90             0.9             -1             2.02287             2.19722
7.58         0             92             0.92             -1             2.02551             2.44235
7.6         0             84             0.84             -1             2.02815             1.65823
7.62         0             86             0.86             -1             2.03078             1.81529
7.64         0             87             0.87             -1             2.0334             1.90096
7.66         0             92             0.92             -1             2.03601             2.44235
7.68         0             89             0.89             -1             2.03862             2.09074
7.7         0             85             0.85             -1             2.04122             1.7346
7.72         0             90             0.9             -1             2.04381             2.19722
7.74         0             90             0.9             -1             2.0464             2.19722
7.76         0             87             0.87             -1             2.04898             1.90096
7.78         0             87             0.87             -1             2.05156             1.90096
7.8         0             85             0.85             -1             2.05412             1.7346
7.82         0             90             0.9             -1             2.05668             2.19722
7.84         0             87             0.87             -1             2.05924             1.90096
7.86         0             89             0.89             -1             2.06179             2.09074
7.88         0             92             0.92             -1             2.06433             2.44235
7.9         0             89             0.89             -1             2.06686             2.09074
7.92         0             93             0.93             -1             2.06939             2.58669
7.94         0             89             0.89             -1             2.07191             2.09074
7.96         0             84             0.84             -1             2.07443             1.65823
7.98         0             92             0.92             -1             2.07694             2.44235
8         0             87             0.87             -1             2.07944             1.90096
8.02         0             92             0.92             -1             2.08194             2.44235
8.04         0             86             0.86             -1             2.08443             1.81529
8.06         0             91             0.91             -1             2.08691             2.31363
8.08         0             86             0.86             -1             2.08939             1.81529
8.1         0             94             0.94             -1             2.09186             2.75154
8.12         0             92             0.92             -1             2.09433             2.44235
8.14         0             94             0.94             -1             2.09679             2.75154
8.16         0             87             0.87             -1             2.09924             1.90096
8.18         0             91             0.91             -1             2.10169             2.31363
8.2         0             86             0.86             -1             2.10413             1.81529
8.22         0             91             0.91             -1             2.10657             2.31363
8.24         0             88             0.88             -1             2.109             1.99243
8.26         0             85             0.85             -1             2.11142             1.7346
8.28         0             83             0.83             -1             2.11384             1.58563
8.3         0             90             0.9             -1             2.11626             2.19722
8.32         0             92             0.92             -1             2.11866             2.44235
8.34         0             88             0.88             -1             2.12106             1.99243
8.36         0             89             0.89             -1             2.12346             2.09074
8.38         0             83             0.83             -1             2.12585             1.58563
8.4         0             91             0.91             -1             2.12823             2.31363
8.42         0             88             0.88             -1             2.13061             1.99243
8.44         0             87             0.87             -1             2.13298             1.90096
8.46         0             89             0.89             -1             2.13535             2.09074
8.48         0             83             0.83             -1             2.13771             1.58563
8.5         0             89             0.89             -1             2.14007             2.09074
8.52         0             94             0.94             -1             2.14242             2.75154
8.54         0             90             0.9             -1             2.14476             2.19722
8.56         0             84             0.84             -1             2.1471             1.65823
8.58         0             86             0.86             -1             2.14943             1.81529
8.6         0             91             0.91             -1             2.15176             2.31363
8.62         0             92             0.92             -1             2.15409             2.44235
8.64         0             89             0.89             -1             2.1564             2.09074
8.66         0             89             0.89             -1             2.15871             2.09074
8.68         0             90             0.9             -1             2.16102             2.19722
8.7         0             89             0.89             -1             2.16332             2.09074
8.72         0             87             0.87             -1             2.16562             1.90096
8.74         0             92             0.92             -1             2.16791             2.44235
8.76         0             90             0.9             -1             2.1702             2.19722
8.78         0             88             0.88             -1             2.17248             1.99243
8.8         0             91             0.91             -1             2.17475             2.31363
8.82         0             87             0.87             -1             2.17702             1.90096
8.84         0             94             0.94             -1             2.17929             2.75154
8.86         0             89             0.89             -1             2.18155             2.09074
8.88         0             95             0.95             -1             2.1838             2.94444
8.9         0             89             0.89             -1             2.18605             2.09074
8.92         0             91             0.91             -1             2.1883             2.31363
8.94         0             92             0.92             -1             2.19054             2.44235
8.96         0             93             0.93             -1             2.19277             2.58669
8.98         0             94             0.94             -1             2.195             2.75154
9         0             91             0.91             -1             2.19722             2.31363
9.02         0             89             0.89             -1             2.19944             2.09074
9.04         0             92             0.92             -1             2.20166             2.44235
9.06         0             87             0.87             -1             2.20387             1.90096
9.08         0             83             0.83             -1             2.20607             1.58563
9.1         0             86             0.86             -1             2.20827             1.81529
9.12         0             86             0.86             -1             2.21047             1.81529
9.14         0             81             0.81             -1             2.21266             1.45001
9.16         0             86             0.86             -1             2.21485             1.81529
9.18         0             83             0.83             -1             2.21703             1.58563
9.2         0             93             0.93             -1             2.2192             2.58669
9.22         0             92             0.92             -1             2.22138             2.44235
9.24         0             89             0.89             -1             2.22354             2.09074
9.26         0             88             0.88             -1             2.2257             1.99243
9.28         0             90             0.9             -1             2.22786             2.19722
9.3         0             88             0.88             -1             2.23001             1.99243
9.32         0             92             0.92             -1             2.23216             2.44235
9.34         0             89             0.89             -1             2.23431             2.09074
9.36         0             90             0.9             -1             2.23645             2.19722
9.38         0             89             0.89             -1             2.23858             2.09074
9.4         0             91             0.91             -1             2.24071             2.31363
9.42         0             83             0.83             -1             2.24284             1.58563
9.44         0             90             0.9             -1             2.24496             2.19722
9.46         0             90             0.9             -1             2.24707             2.19722
9.48         0             88             0.88             -1             2.24918             1.99243
9.5         0             89             0.89             -1             2.25129             2.09074
9.52         0             93             0.93             -1             2.25339             2.58669
9.54         0             92             0.92             -1             2.25549             2.44235
9.56         0             94             0.94             -1             2.25759             2.75154
9.58         0             87             0.87             -1             2.25968             1.90096
9.6         0             92             0.92             -1             2.26176             2.44235
9.62         0             89             0.89             -1             2.26384             2.09074
9.64         0             91             0.91             -1             2.26592             2.31363
9.66         0             93             0.93             -1             2.26799             2.58669
9.68         0             83             0.83             -1             2.27006             1.58563
9.7         0             90             0.9             -1             2.27213             2.19722
9.72         0             89             0.89             -1             2.27419             2.09074
9.74         0             91             0.91             -1             2.27624             2.31363
9.76         0             90             0.9             -1             2.27829             2.19722
9.78         0             93             0.93             -1             2.28034             2.58669
9.8         0             92             0.92             -1             2.28238             2.44235
9.82         0             87             0.87             -1             2.28442             1.90096
9.84         0             91             0.91             -1             2.28646             2.31363
9.86         0             91             0.91             -1             2.28849             2.31363
9.88         0             91             0.91             -1             2.29051             2.31363
9.9         0             90             0.9             -1             2.29253             2.19722
9.92         0             92             0.92             -1             2.29455             2.44235
9.94         0             97             0.97             -1             2.29657             3.4761
9.96         0             93             0.93             -1             2.29858             2.58669
9.98         0             85             0.85             -1             2.30058             1.7346
