1  0
2  0
3  0
4  0
5  0
6  0
7  0
8  0
9  0
10  0
11  0
12  0
13  0
14  0
15  0
16  0
17  0
18  0
19  0
20  0
21  0
22  0
23  0
24  0
25  0
26  0
27  0
28  0
29  0
30  0
31  0
32  0
33  0
34  0
35  0
36  0
37  0
38  0
39  0
40  0
41  0
42  0
43  0
44  0
45  0
46  0
47  0
48  0
49  0
50  0
51  0
52  0
53  0
54  0
55  0
56  0
57  0
58  0
59  0
60  0
61  0
62  0
63  0
64  0
65  0
66  0
67  0
68  0
69  0
70  0
71  0
72  0
73  0
74  0
75  0
76  0
77  0
78  0
79  0
80  0
81  0
82  0
83  0
84  0
85  0
86  0
87  0
88  0
89  0
90  0
91  0
92  0
93  0
94  0
95  0
96  0
97  0
98  0
99  0
100  0
101  0
102  0
103  0
104  0
105  0
106  0
107  0
108  0
109  0
110  0
111  0
112  0
113  0
114  0
115  0
116  0
117  0
118  0
119  0
120  0
121  0
122  0
123  0
124  0
125  0
126  0
127  0
128  0
129  0
130  0
131  0
132  0
133  0
134  0
135  0
136  0
137  0
138  0
139  0
140  0
141  0
142  0
143  0
144  0
145  0
146  0
147  0
148  0
149  0
150  0
151  0
152  0
153  0
154  0
155  0
156  0
157  0
158  0
159  0
160  0
161  0
162  0
163  0
164  0
165  0
166  0
167  0
168  0
169  0
170  0
171  0
172  0
173  0
174  0
175  0
176  0
177  0
178  0
179  0
180  0
181  0
182  0
183  0
184  0
185  0
186  0
187  0
188  0
189  0
190  0
191  0
192  0
193  0
194  0
195  0
196  0
197  0
198  0
199  0
200  0
201  0
202  0
203  0
204  0
205  0
206  0
207  0
208  0
209  0
210  0
211  0
212  0
213  0
214  0
215  0
216  0
217  0
218  0
219  0
220  0
221  0
222  0
223  0
224  0
225  0
226  0
227  0
228  0
229  0
230  0
231  0
232  0
233  0
234  0
235  0
236  0
237  0
238  0
239  0
240  0
241  0
242  0
243  0
244  0
245  0
246  0
247  0
248  0
249  0
250  0
251  1
252  1
253  0
254  0
255  1
256  0
257  1
258  0
259  1
260  0
261  1
262  0
263  2
264  1
265  1
266  4
267  2
268  3
269  4
270  2
271  4
272  3
273  3
274  2
275  3
276  4
277  2
278  2
279  4
280  4
281  1
282  4
283  1
284  3
285  1
286  1
287  2
288  0
289  2
290  2
291  3
292  2
293  4
294  9
295  1
296  2
297  5
298  6
299  2
300  3
301  8
302  8
303  3
304  6
305  6
306  5
307  8
308  5
309  4
310  9
311  4
312  10
313  5
314  2
315  8
316  4
317  8
318  3
319  4
320  4
321  7
322  9
323  3
324  1
325  2
326  5
327  1
328  4
329  4
330  2
331  4
332  3
333  4
334  7
335  7
336  8
337  7
338  9
339  6
340  11
341  9
342  4
343  5
344  5
345  8
346  8
347  8
348  7
349  10
350  12
351  14
352  14
353  11
354  12
355  12
356  20
357  15
358  16
359  9
360  13
361  12
362  11
363  16
364  4
365  13
366  6
367  13
368  6
369  7
370  9
371  5
372  8
373  5
374  3
375  3
376  5
377  4
378  6
379  5
380  5
381  9
382  6
383  6
384  3
385  3
386  2
387  5
388  3
389  3
390  2
391  4
392  6
393  1
394  4
395  6
396  5
397  5
398  6
399  4
400  2
401  6
402  1
403  3
404  1
405  8
406  2
407  4
408  1
409  4
410  8
411  9
412  12
413  10
414  17
415  23
416  31
417  61
418  84
419  121
420  172
421  226
422  319
423  388
424  535
425  633
426  744
427  757
428  913
429  880
430  736
431  667
432  573
433  427
434  357
435  222
436  139
437  70
438  40
439  11
440  8
441  6
442  0
443  0
444  0
445  0
446  0
447  0
448  0
449  0
450  0
451  0
452  0
453  0
454  0
455  0
456  0
457  0
458  0
459  0
460  0
461  0
462  0
463  0
464  0
465  0
466  0
467  0
468  0
469  0
470  0
471  0
472  0
473  0
474  0
475  0
476  0
477  0
478  0
479  0
480  0
481  0
482  0
483  0
484  0
485  0
486  0
487  0
488  0
489  0
490  0
491  0
492  0
493  0
494  0
495  0
496  0
497  0
498  0
499  0
500  0
501  0
502  0
503  0
504  0
505  0
506  0
507  0
508  0
509  0
510  0
511  0
512  0
