0         0             0             0             -nan             -inf             -inf
0.02         0             0             0             -nan             -3.91202             -inf
0.04         0             176             0.0176             -1             -3.21888             -4.0221
0.06         0             383             0.0383             -1             -2.81341             -3.22325
0.08         0             525             0.0525             -1             -2.52573             -2.89301
0.1         0             725             0.0725             -1             -2.30259             -2.54891
0.12         0             953             0.0953             -1             -2.12026             -2.25057
0.14         0             1094             0.1094             -1             -1.96611             -2.09688
0.16         0             1221             0.1221             -1             -1.83258             -1.97269
0.18         0             1395             0.1395             -1             -1.7148             -1.81945
0.2         0             1494             0.1494             -1             -1.60944             -1.73931
0.22         0             1640             0.164             -1             -1.51413             -1.62876
0.24         0             1809             0.1809             -1             -1.42712             -1.51026
0.26         0             1909             0.1909             -1             -1.34707             -1.44417
0.28         0             2047             0.2047             -1             -1.27297             -1.35717
0.3         0             2154             0.2154             -1             -1.20397             -1.29268
0.32         0             2233             0.2233             -1             -1.13943             -1.24654
0.34         0             2459             0.2459             -1             -1.07881             -1.1206
0.36         0             2618             0.2618             -1             -1.02165             -1.03663
0.38         0             2594             0.2594             -1             -0.967584             -1.04909
0.4         0             2661             0.2661             -1             -0.916291             -1.0145
0.42         0             2862             0.2862             -1             -0.867501             -0.913912
0.44         0             2940             0.294             -1             -0.820981             -0.876035
0.46         0             3075             0.3075             -1             -0.776529             -0.811833
0.48         0             3081             0.3081             -1             -0.733969             -0.809017
0.5         0             3250             0.325             -1             -0.693147             -0.730888
0.52         0             3311             0.3311             -1             -0.653926             -0.703214
0.54         0             3419             0.3419             -1             -0.616186             -0.654839
0.56         0             3457             0.3457             -1             -0.579818             -0.637995
0.58         0             3617             0.3617             -1             -0.544727             -0.567993
0.6         0             3592             0.3592             -1             -0.510826             -0.578838
0.62         0             3714             0.3714             -1             -0.478036             -0.526215
0.64         0             3880             0.388             -1             -0.446287             -0.455727
0.66         0             3904             0.3904             -1             -0.415515             -0.445631
0.68         0             4024             0.4024             -1             -0.385662             -0.395475
0.7         0             4062             0.4062             -1             -0.356675             -0.379697
0.72         0             4179             0.4179             -1             -0.328504             -0.3314
0.74         0             4176             0.4176             -1             -0.301105             -0.332633
0.76         0             4273             0.4273             -1             -0.274437             -0.292876
0.78         0             4348             0.4348             -1             -0.248461             -0.262293
0.8         0             4345             0.4345             -1             -0.223144             -0.263514
0.82         0             4485             0.4485             -1             -0.198451             -0.206733
0.84         0             4466             0.4466             -1             -0.174353             -0.214418
0.86         0             4602             0.4602             -1             -0.150823             -0.159538
0.88         0             4654             0.4654             -1             -0.127833             -0.138622
0.9         0             4691             0.4691             -1             -0.105361             -0.123758
0.92         0             4775             0.4775             -1             -0.0833816             -0.0900608
0.94         0             4877             0.4877             -1             -0.0618754             -0.0492099
0.96         0             4789             0.4789             -1             -0.040822             -0.0844502
0.98         0             4801             0.4801             -1             -0.0202027             -0.0796421
1         0             4893             0.4893             -1             0             -0.0428065
1.02         0             4970             0.497             -1             0.0198026             -0.0120001
1.04         0             5074             0.5074             -1             0.0392207             0.0296022
1.06         0             5107             0.5107             -1             0.0582689             0.0428065
1.08         0             5126             0.5126             -1             0.076961             0.0504107
1.1         0             5304             0.5304             -1             0.0953102             0.12175
1.12         0             5226             0.5226             -1             0.113329             0.0904616
1.14         0             5293             0.5293             -1             0.131028             0.117334
1.16         0             5234             0.5234             -1             0.14842             0.0936684
1.18         0             5279             0.5279             -1             0.165514             0.111716
1.2         0             5498             0.5498             -1             0.182322             0.199863
1.22         0             5436             0.5436             -1             0.198851             0.174844
1.24         0             5458             0.5458             -1             0.215111             0.183715
1.26         0             5554             0.5554             -1             0.231112             0.222514
1.28         0             5662             0.5662             -1             0.24686             0.266364
1.3         0             5662             0.5662             -1             0.262364             0.266364
1.32         0             5665             0.5665             -1             0.277632             0.267585
1.34         0             5736             0.5736             -1             0.29267             0.296554
1.36         0             5652             0.5652             -1             0.307485             0.262293
1.38         0             5750             0.575             -1             0.322083             0.302281
1.4         0             5840             0.584             -1             0.336472             0.339216
1.42         0             5891             0.5891             -1             0.350657             0.360246
1.44         0             5954             0.5954             -1             0.364643             0.386335
1.46         0             5888             0.5888             -1             0.378436             0.359007
1.48         0             5925             0.5925             -1             0.392042             0.37431
1.5         0             5939             0.5939             -1             0.405465             0.380112
1.52         0             6027             0.6027             -1             0.41871             0.416728
1.54         0             6065             0.6065             -1             0.431782             0.432624
1.56         0             6090             0.609             -1             0.444686             0.443111
1.58         0             5999             0.5999             -1             0.457425             0.405048
1.6         0             6111             0.6111             -1             0.470004             0.451938
1.62         0             6154             0.6154             -1             0.482426             0.470069
1.64         0             6211             0.6211             -1             0.494696             0.49422
1.66         0             6286             0.6286             -1             0.506818             0.526215
1.68         0             6263             0.6263             -1             0.518794             0.516376
1.7         0             6226             0.6226             -1             0.530628             0.500599
1.72         0             6265             0.6265             -1             0.542324             0.517231
1.74         0             6339             0.6339             -1             0.553885             0.548985
1.76         0             6333             0.6333             -1             0.565314             0.5464
1.78         0             6489             0.6489             -1             0.576613             0.614208
1.8         0             6344             0.6344             -1             0.587787             0.55114
1.82         0             6369             0.6369             -1             0.598837             0.561934
1.84         0             6355             0.6355             -1             0.609766             0.555886
1.86         0             6469             0.6469             -1             0.620576             0.60544
1.88         0             6522             0.6522             -1             0.631272             0.628724
1.9         0             6567             0.6567             -1             0.641854             0.648623
1.92         0             6535             0.6535             -1             0.652325             0.63446
1.94         0             6600             0.66             -1             0.662688             0.663294
1.96         0             6653             0.6653             -1             0.672944             0.687003
1.98         0             6626             0.6626             -1             0.683097             0.674902
2         0             6651             0.6651             -1             0.693147             0.686105
2.02         0             6692             0.6692             -1             0.703098             0.704569
2.04         0             6686             0.6686             -1             0.71295             0.70186
2.06         0             6721             0.6721             -1             0.722706             0.717698
2.08         0             6777             0.6777             -1             0.732368             0.743222
2.1         0             6739             0.6739             -1             0.741937             0.725878
2.12         0             6850             0.685             -1             0.751416             0.776846
2.14         0             6753             0.6753             -1             0.760806             0.732255
2.16         0             6820             0.682             -1             0.770108             0.762978
2.18         0             6822             0.6822             -1             0.779325             0.763901
2.2         0             6919             0.6919             -1             0.788457             0.809017
2.22         0             6862             0.6862             -1             0.797507             0.782413
2.24         0             6903             0.6903             -1             0.806476             0.801522
2.26         0             6958             0.6958             -1             0.815365             0.827377
2.28         0             6823             0.6823             -1             0.824175             0.764362
2.3         0             7002             0.7002             -1             0.832909             0.84825
2.32         0             7014             0.7014             -1             0.841567             0.853973
2.34         0             7058             0.7058             -1             0.850151             0.875072
2.36         0             6998             0.6998             -1             0.858662             0.846346
2.38         0             7049             0.7049             -1             0.8671             0.870742
2.4         0             7044             0.7044             -1             0.875469             0.868339
2.42         0             7066             0.7066             -1             0.883768             0.878928
2.44         0             7015             0.7015             -1             0.891998             0.854451
2.46         0             7085             0.7085             -1             0.900161             0.88811
2.48         0             7275             0.7275             -1             0.908259             0.981975
2.5         0             7159             0.7159             -1             0.916291             0.924214
2.52         0             7241             0.7241             -1             0.924259             0.964891
2.54         0             7197             0.7197             -1             0.932164             0.942974
2.56         0             7192             0.7192             -1             0.940007             0.940497
2.58         0             7164             0.7164             -1             0.947789             0.926674
2.6         0             7179             0.7179             -1             0.955511             0.934069
2.62         0             7250             0.725             -1             0.963174             0.969401
2.64         0             7271             0.7271             -1             0.970779             0.979959
2.66         0             7322             0.7322             -1             0.978326             1.00581
2.68         0             7273             0.7273             -1             0.985817             0.980967
2.7         0             7296             0.7296             -1             0.993252             0.992594
2.72         0             7351             0.7351             -1             1.00063             1.02065
2.74         0             7283             0.7283             -1             1.00796             0.986015
2.76         0             7356             0.7356             -1             1.01523             1.02322
2.78         0             7369             0.7369             -1             1.02245             1.02992
2.8         0             7369             0.7369             -1             1.02962             1.02992
2.82         0             7338             0.7338             -1             1.03674             1.01399
2.84         0             7380             0.738             -1             1.0438             1.0356
2.86         0             7344             0.7344             -1             1.05082             1.01706
2.88         0             7497             0.7497             -1             1.05779             1.09701
2.9         0             7410             0.741             -1             1.06471             1.05117
2.92         0             7408             0.7408             -1             1.07158             1.05013
2.94         0             7500             0.75             -1             1.07841             1.09861
2.96         0             7446             0.7446             -1             1.08519             1.07002
2.98         0             7399             0.7399             -1             1.09192             1.04545
3         0             7475             0.7475             -1             1.09861             1.08532
3.02         0             7467             0.7467             -1             1.10526             1.08109
3.04         0             7593             0.7593             -1             1.11186             1.14885
3.06         0             7507             0.7507             -1             1.11841             1.10235
3.08         0             7565             0.7565             -1             1.12493             1.13359
3.1         0             7575             0.7575             -1             1.1314             1.13902
3.12         0             7573             0.7573             -1             1.13783             1.13793
3.14         0             7505             0.7505             -1             1.14422             1.10128
3.16         0             7559             0.7559             -1             1.15057             1.13033
3.18         0             7612             0.7612             -1             1.15688             1.15927
3.2         0             7658             0.7658             -1             1.16315             1.18475
3.22         0             7614             0.7614             -1             1.16938             1.16037
3.24         0             7584             0.7584             -1             1.17557             1.14393
3.26         0             7664             0.7664             -1             1.18173             1.18809
3.28         0             7620             0.762             -1             1.18784             1.16368
3.3         0             7655             0.7655             -1             1.19392             1.18307
3.32         0             7642             0.7642             -1             1.19996             1.17585
3.34         0             7695             0.7695             -1             1.20597             1.20549
3.36         0             7694             0.7694             -1             1.21194             1.20493
3.38         0             7702             0.7702             -1             1.21788             1.20944
3.4         0             7743             0.7743             -1             1.22378             1.23275
3.42         0             7735             0.7735             -1             1.22964             1.22818
3.44         0             7802             0.7802             -1             1.23547             1.26683
3.46         0             7810             0.781             -1             1.24127             1.2715
3.48         0             7798             0.7798             -1             1.24703             1.2645
3.5         0             7844             0.7844             -1             1.25276             1.29149
3.52         0             7775             0.7775             -1             1.25846             1.25116
3.54         0             7880             0.788             -1             1.26413             1.31291
3.56         0             7783             0.7783             -1             1.26976             1.25579
3.58         0             7837             0.7837             -1             1.27536             1.28736
3.6         0             7838             0.7838             -1             1.28093             1.28795
3.62         0             7785             0.7785             -1             1.28647             1.25695
3.64         0             7779             0.7779             -1             1.29198             1.25347
3.66         0             7837             0.7837             -1             1.29746             1.28736
3.68         0             7913             0.7913             -1             1.30291             1.33278
3.7         0             7862             0.7862             -1             1.30833             1.30217
3.72         0             7838             0.7838             -1             1.31372             1.28795
3.74         0             7834             0.7834             -1             1.31909             1.28559
3.76         0             7952             0.7952             -1             1.32442             1.35656
3.78         0             7921             0.7921             -1             1.32972             1.33763
3.8         0             7954             0.7954             -1             1.335             1.35779
3.82         0             7936             0.7936             -1             1.34025             1.34676
3.84         0             7910             0.791             -1             1.34547             1.33096
3.86         0             7927             0.7927             -1             1.35067             1.34128
3.88         0             7939             0.7939             -1             1.35584             1.3486
3.9         0             7907             0.7907             -1             1.36098             1.32915
3.92         0             7960             0.796             -1             1.36609             1.36148
3.94         0             7950             0.795             -1             1.37118             1.35533
3.96         0             8029             0.8029             -1             1.37624             1.40452
3.98         0             8011             0.8011             -1             1.38128             1.39318
4         0             8049             0.8049             -1             1.38629             1.41721
4.02         0             7983             0.7983             -1             1.39128             1.3757
4.04         0             8011             0.8011             -1             1.39624             1.39318
4.06         0             8000             0.8             -1             1.40118             1.38629
4.08         0             7992             0.7992             -1             1.4061             1.3813
4.1         0             8017             0.8017             -1             1.41099             1.39695
4.12         0             8039             0.8039             -1             1.41585             1.41085
4.14         0             8041             0.8041             -1             1.4207             1.41212
4.16         0             8037             0.8037             -1             1.42552             1.40958
4.18         0             8025             0.8025             -1             1.43031             1.40199
4.2         0             8092             0.8092             -1             1.43508             1.44482
4.22         0             8105             0.8105             -1             1.43984             1.45326
4.24         0             8102             0.8102             -1             1.44456             1.45131
4.26         0             8119             0.8119             -1             1.44927             1.4624
4.28         0             8135             0.8135             -1             1.45395             1.47291
4.3         0             8126             0.8126             -1             1.45862             1.46699
4.32         0             8094             0.8094             -1             1.46326             1.44612
4.34         0             8139             0.8139             -1             1.46787             1.47555
4.36         0             8119             0.8119             -1             1.47247             1.4624
4.38         0             8201             0.8201             -1             1.47705             1.51703
4.4         0             8217             0.8217             -1             1.4816             1.52791
4.42         0             8163             0.8163             -1             1.48614             1.49148
4.44         0             8126             0.8126             -1             1.49065             1.46699
4.46         0             8133             0.8133             -1             1.49515             1.4716
4.48         0             8113             0.8113             -1             1.49962             1.45848
4.5         0             8125             0.8125             -1             1.50408             1.46634
4.52         0             8165             0.8165             -1             1.50851             1.49281
4.54         0             8201             0.8201             -1             1.51293             1.51703
4.56         0             8138             0.8138             -1             1.51732             1.47489
4.58         0             8206             0.8206             -1             1.5217             1.52042
4.6         0             8247             0.8247             -1             1.52606             1.54852
4.62         0             8240             0.824             -1             1.53039             1.54369
4.64         0             8192             0.8192             -1             1.53471             1.51094
4.66         0             8242             0.8242             -1             1.53902             1.54507
4.68         0             8207             0.8207             -1             1.5433             1.5211
4.7         0             8240             0.824             -1             1.54756             1.54369
4.72         0             8254             0.8254             -1             1.55181             1.55337
4.74         0             8268             0.8268             -1             1.55604             1.56312
4.76         0             8263             0.8263             -1             1.56025             1.55963
4.78         0             8318             0.8318             -1             1.56444             1.59844
4.8         0             8328             0.8328             -1             1.56862             1.6056
4.82         0             8314             0.8314             -1             1.57277             1.59558
4.84         0             8381             0.8381             -1             1.57691             1.64416
4.86         0             8291             0.8291             -1             1.58104             1.57926
4.88         0             8272             0.8272             -1             1.58515             1.56591
4.9         0             8374             0.8374             -1             1.58924             1.63901
4.92         0             8332             0.8332             -1             1.59331             1.60848
4.94         0             8330             0.833             -1             1.59737             1.60704
4.96         0             8266             0.8266             -1             1.60141             1.56172
4.98         0             8272             0.8272             -1             1.60543             1.56591
5         0             8345             0.8345             -1             1.60944             1.61786
5.02         0             8385             0.8385             -1             1.61343             1.64711
5.04         0             8360             0.836             -1             1.61741             1.62876
5.06         0             8373             0.8373             -1             1.62137             1.63827
5.08         0             8344             0.8344             -1             1.62531             1.61714
5.1         0             8406             0.8406             -1             1.62924             1.6627
5.12         0             8385             0.8385             -1             1.63315             1.64711
5.14         0             8376             0.8376             -1             1.63705             1.64048
5.16         0             8378             0.8378             -1             1.64094             1.64195
5.18         0             8467             0.8467             -1             1.64481             1.70895
5.2         0             8377             0.8377             -1             1.64866             1.64121
5.22         0             8317             0.8317             -1             1.6525             1.59772
5.24         0             8357             0.8357             -1             1.65632             1.62658
5.26         0             8464             0.8464             -1             1.66013             1.70664
5.28         0             8460             0.846             -1             1.66393             1.70357
5.3         0             8371             0.8371             -1             1.66771             1.63681
5.32         0             8501             0.8501             -1             1.67147             1.73539
5.34         0             8459             0.8459             -1             1.67523             1.7028
5.36         0             8416             0.8416             -1             1.67896             1.67018
5.38         0             8308             0.8308             -1             1.68269             1.59131
5.4         0             8476             0.8476             -1             1.6864             1.7159
5.42         0             8393             0.8393             -1             1.6901             1.65303
5.44         0             8434             0.8434             -1             1.69378             1.68375
5.46         0             8425             0.8425             -1             1.69745             1.67695
5.48         0             8433             0.8433             -1             1.70111             1.68299
5.5         0             8482             0.8482             -1             1.70475             1.72055
5.52         0             8528             0.8528             -1             1.70838             1.75673
5.54         0             8407             0.8407             -1             1.71199             1.66345
5.56         0             8511             0.8511             -1             1.7156             1.74325
5.58         0             8475             0.8475             -1             1.71919             1.71513
5.6         0             8441             0.8441             -1             1.72277             1.68906
5.62         0             8444             0.8444             -1             1.72633             1.69134
5.64         0             8454             0.8454             -1             1.72988             1.69897
5.66         0             8472             0.8472             -1             1.73342             1.71281
5.68         0             8483             0.8483             -1             1.73695             1.72133
5.7         0             8474             0.8474             -1             1.74047             1.71435
5.72         0             8478             0.8478             -1             1.74397             1.71745
5.74         0             8545             0.8545             -1             1.74746             1.77034
5.76         0             8559             0.8559             -1             1.75094             1.78165
5.78         0             8522             0.8522             -1             1.7544             1.75196
5.8         0             8548             0.8548             -1             1.75786             1.77276
5.82         0             8489             0.8489             -1             1.7613             1.726
5.84         0             8541             0.8541             -1             1.76473             1.76713
5.86         0             8467             0.8467             -1             1.76815             1.70895
5.88         0             8517             0.8517             -1             1.77156             1.748
5.9         0             8584             0.8584             -1             1.77495             1.80206
5.92         0             8594             0.8594             -1             1.77834             1.81032
5.94         0             8493             0.8493             -1             1.78171             1.72912
5.96         0             8533             0.8533             -1             1.78507             1.76072
5.98         0             8580             0.858             -1             1.78842             1.79878
6         0             8572             0.8572             -1             1.79176             1.79223
6.02         0             8624             0.8624             -1             1.79509             1.83537
6.04         0             8588             0.8588             -1             1.7984             1.80536
6.06         0             8583             0.8583             -1             1.80171             1.80124
6.08         0             8604             0.8604             -1             1.805             1.81862
6.1         0             8575             0.8575             -1             1.80829             1.79468
6.12         0             8614             0.8614             -1             1.81156             1.82697
6.14         0             8635             0.8635             -1             1.81482             1.84467
6.16         0             8655             0.8655             -1             1.81808             1.86174
6.18         0             8600             0.86             -1             1.82132             1.81529
6.2         0             8645             0.8645             -1             1.82455             1.85318
6.22         0             8604             0.8604             -1             1.82777             1.81862
6.24         0             8617             0.8617             -1             1.83098             1.82948
6.26         0             8643             0.8643             -1             1.83418             1.85147
6.28         0             8683             0.8683             -1             1.83737             1.88601
6.3         0             8674             0.8674             -1             1.84055             1.87816
6.32         0             8653             0.8653             -1             1.84372             1.86003
6.34         0             8654             0.8654             -1             1.84688             1.86088
6.36         0             8631             0.8631             -1             1.85003             1.84128
6.38         0             8607             0.8607             -1             1.85317             1.82112
6.4         0             8639             0.8639             -1             1.8563             1.84807
6.42         0             8658             0.8658             -1             1.85942             1.86432
6.44         0             8683             0.8683             -1             1.86253             1.88601
6.46         0             8620             0.862             -1             1.86563             1.832
6.48         0             8671             0.8671             -1             1.86872             1.87556
6.5         0             8671             0.8671             -1             1.8718             1.87556
6.52         0             8672             0.8672             -1             1.87487             1.87643
6.54         0             8656             0.8656             -1             1.87794             1.8626
6.56         0             8695             0.8695             -1             1.88099             1.89655
6.58         0             8664             0.8664             -1             1.88403             1.8695
6.6         0             8665             0.8665             -1             1.88707             1.87036
6.62         0             8738             0.8738             -1             1.8901             1.93498
6.64         0             8685             0.8685             -1             1.89311             1.88776
6.66         0             8728             0.8728             -1             1.89612             1.92595
6.68         0             8732             0.8732             -1             1.89912             1.92955
6.7         0             8660             0.866             -1             1.90211             1.86605
6.72         0             8670             0.867             -1             1.90509             1.87469
6.74         0             8726             0.8726             -1             1.90806             1.92415
6.76         0             8674             0.8674             -1             1.91102             1.87816
6.78         0             8701             0.8701             -1             1.91398             1.90184
6.8         0             8713             0.8713             -1             1.91692             1.9125
6.82         0             8661             0.8661             -1             1.91986             1.86691
6.84         0             8764             0.8764             -1             1.92279             1.95877
6.86         0             8725             0.8725             -1             1.92571             1.92325
6.88         0             8740             0.874             -1             1.92862             1.9368
6.9         0             8716             0.8716             -1             1.93152             1.91518
6.92         0             8750             0.875             -1             1.93442             1.94591
6.94         0             8778             0.8778             -1             1.9373             1.97176
6.96         0             8715             0.8715             -1             1.94018             1.91429
6.98         0             8714             0.8714             -1             1.94305             1.91339
7         0             8758             0.8758             -1             1.94591             1.95324
7.02         0             8782             0.8782             -1             1.94876             1.97549
7.04         0             8798             0.8798             -1             1.95161             1.99054
7.06         0             8764             0.8764             -1             1.95445             1.95877
7.08         0             8773             0.8773             -1             1.95727             1.96711
7.1         0             8740             0.874             -1             1.96009             1.9368
7.12         0             8801             0.8801             -1             1.96291             1.99338
7.14         0             8785             0.8785             -1             1.96571             1.9783
7.16         0             8768             0.8768             -1             1.96851             1.96247
7.18         0             8821             0.8821             -1             1.9713             2.01247
7.2         0             8718             0.8718             -1             1.97408             1.91697
7.22         0             8807             0.8807             -1             1.97685             1.99908
7.24         0             8788             0.8788             -1             1.97962             1.98112
7.26         0             8752             0.8752             -1             1.98238             1.94774
7.28         0             8808             0.8808             -1             1.98513             2.00003
7.3         0             8779             0.8779             -1             1.98787             1.97269
7.32         0             8773             0.8773             -1             1.99061             1.96711
7.34         0             8781             0.8781             -1             1.99334             1.97456
7.36         0             8808             0.8808             -1             1.99606             2.00003
7.38         0             8800             0.88             -1             1.99877             1.99243
7.4         0             8856             0.8856             -1             2.00148             2.04656
7.42         0             8806             0.8806             -1             2.00418             1.99812
7.44         0             8787             0.8787             -1             2.00687             1.98018
7.46         0             8822             0.8822             -1             2.00956             2.01343
7.48         0             8863             0.8863             -1             2.01223             2.05349
7.5         0             8811             0.8811             -1             2.0149             2.00289
7.52         0             8753             0.8753             -1             2.01757             1.94866
7.54         0             8837             0.8837             -1             2.02022             2.02794
7.56         0             8835             0.8835             -1             2.02287             2.026
7.58         0             8830             0.883             -1             2.02551             2.02115
7.6         0             8809             0.8809             -1             2.02815             2.00098
7.62         0             8813             0.8813             -1             2.03078             2.0048
7.64         0             8823             0.8823             -1             2.0334             2.01439
7.66         0             8885             0.8885             -1             2.03601             2.07551
7.68         0             8865             0.8865             -1             2.03862             2.05548
7.7         0             8782             0.8782             -1             2.04122             1.97549
7.72         0             8888             0.8888             -1             2.04381             2.07854
7.74         0             8821             0.8821             -1             2.0464             2.01247
7.76         0             8941             0.8941             -1             2.04898             2.13332
7.78         0             8799             0.8799             -1             2.05156             1.99148
7.8         0             8816             0.8816             -1             2.05412             2.00767
7.82         0             8841             0.8841             -1             2.05668             2.03184
7.84         0             8813             0.8813             -1             2.05924             2.0048
7.86         0             8793             0.8793             -1             2.06179             1.98582
7.88         0             8866             0.8866             -1             2.06433             2.05647
7.9         0             8879             0.8879             -1             2.06686             2.06947
7.92         0             8893             0.8893             -1             2.06939             2.08361
7.94         0             8938             0.8938             -1             2.07191             2.13016
7.96         0             8900             0.89             -1             2.07443             2.09074
7.98         0             8869             0.8869             -1             2.07694             2.05946
8         0             8876             0.8876             -1             2.07944             2.06646
8.02         0             8923             0.8923             -1             2.08194             2.11445
8.04         0             8866             0.8866             -1             2.08443             2.05647
8.06         0             8881             0.8881             -1             2.08691             2.07148
8.08         0             8852             0.8852             -1             2.08939             2.04262
8.1         0             8924             0.8924             -1             2.09186             2.11549
8.12         0             8860             0.886             -1             2.09433             2.05052
8.14         0             8914             0.8914             -1             2.09679             2.10512
8.16         0             8957             0.8957             -1             2.09924             2.15033
8.18         0             8951             0.8951             -1             2.10169             2.14393
8.2         0             8938             0.8938             -1             2.10413             2.13016
8.22         0             8930             0.893             -1             2.10657             2.12176
8.24         0             8908             0.8908             -1             2.109             2.09894
8.26         0             8868             0.8868             -1             2.11142             2.05846
8.28         0             8882             0.8882             -1             2.11384             2.07249
8.3         0             8923             0.8923             -1             2.11626             2.11445
8.32         0             8954             0.8954             -1             2.11866             2.14713
8.34         0             8919             0.8919             -1             2.12106             2.1103
8.36         0             8925             0.8925             -1             2.12346             2.11654
8.38         0             8970             0.897             -1             2.12585             2.16433
8.4         0             8974             0.8974             -1             2.12823             2.16866
8.42         0             8967             0.8967             -1             2.13061             2.16108
8.44         0             8850             0.885             -1             2.13298             2.04066
8.46         0             8908             0.8908             -1             2.13535             2.09894
8.48         0             8927             0.8927             -1             2.13771             2.11862
8.5         0             9010             0.901             -1             2.14007             2.20839
8.52         0             8929             0.8929             -1             2.14242             2.12071
8.54         0             8978             0.8978             -1             2.14476             2.17302
8.56         0             8897             0.8897             -1             2.1471             2.08768
8.58         0             8985             0.8985             -1             2.14943             2.18067
8.6         0             8990             0.899             -1             2.15176             2.18616
8.62         0             8903             0.8903             -1             2.15409             2.09381
8.64         0             9012             0.9012             -1             2.1564             2.21063
8.66         0             8939             0.8939             -1             2.15871             2.13121
8.68         0             8940             0.894             -1             2.16102             2.13227
8.7         0             8910             0.891             -1             2.16332             2.101
8.72         0             9014             0.9014             -1             2.16562             2.21288
8.74         0             8957             0.8957             -1             2.16791             2.15033
8.76         0             8954             0.8954             -1             2.1702             2.14713
8.78         0             9000             0.9             -1             2.17248             2.19722
8.8         0             8934             0.8934             -1             2.17475             2.12595
8.82         0             8931             0.8931             -1             2.17702             2.1228
8.84         0             9036             0.9036             -1             2.17929             2.23788
8.86         0             8962             0.8962             -1             2.18155             2.1557
8.88         0             8992             0.8992             -1             2.1838             2.18837
8.9         0             8961             0.8961             -1             2.18605             2.15462
8.92         0             8927             0.8927             -1             2.1883             2.11862
8.94         0             9005             0.9005             -1             2.19054             2.20279
8.96         0             9055             0.9055             -1             2.19277             2.25989
8.98         0             8942             0.8942             -1             2.195             2.13438
9         0             9058             0.9058             -1             2.19722             2.2634
9.02         0             9016             0.9016             -1             2.19944             2.21513
9.04         0             9033             0.9033             -1             2.20166             2.23444
9.06         0             9019             0.9019             -1             2.20387             2.21852
9.08         0             8978             0.8978             -1             2.20607             2.17302
9.1         0             8993             0.8993             -1             2.20827             2.18947
9.12         0             9029             0.9029             -1             2.21047             2.22987
9.14         0             9038             0.9038             -1             2.21266             2.24018
9.16         0             9059             0.9059             -1             2.21485             2.26457
9.18         0             8967             0.8967             -1             2.21703             2.16108
9.2         0             9014             0.9014             -1             2.2192             2.21288
9.22         0             9018             0.9018             -1             2.22138             2.21739
9.24         0             9067             0.9067             -1             2.22354             2.27399
9.26         0             9055             0.9055             -1             2.2257             2.25989
9.28         0             9008             0.9008             -1             2.22786             2.20615
9.3         0             9020             0.902             -1             2.23001             2.21965
9.32         0             9024             0.9024             -1             2.23216             2.22418
9.34         0             9006             0.9006             -1             2.23431             2.20391
9.36         0             9059             0.9059             -1             2.23645             2.26457
9.38         0             9012             0.9012             -1             2.23858             2.21063
9.4         0             9057             0.9057             -1             2.24071             2.26223
9.42         0             9034             0.9034             -1             2.24284             2.23559
9.44         0             9027             0.9027             -1             2.24496             2.22759
9.46         0             9055             0.9055             -1             2.24707             2.25989
9.48         0             9105             0.9105             -1             2.24918             2.31976
9.5         0             9017             0.9017             -1             2.25129             2.21626
9.52         0             9056             0.9056             -1             2.25339             2.26106
9.54         0             9045             0.9045             -1             2.25549             2.24826
9.56         0             9099             0.9099             -1             2.25759             2.31241
9.58         0             9067             0.9067             -1             2.25968             2.27399
9.6         0             9095             0.9095             -1             2.26176             2.30755
9.62         0             9043             0.9043             -1             2.26384             2.24594
9.64         0             9110             0.911             -1             2.26592             2.32591
9.66         0             9019             0.9019             -1             2.26799             2.21852
9.68         0             9032             0.9032             -1             2.27006             2.2333
9.7         0             9138             0.9138             -1             2.27213             2.36094
9.72         0             9016             0.9016             -1             2.27419             2.21513
9.74         0             9098             0.9098             -1             2.27624             2.3112
9.76         0             9057             0.9057             -1             2.27829             2.26223
9.78         0             9092             0.9092             -1             2.28034             2.30391
9.8         0             9119             0.9119             -1             2.28238             2.33706
9.82         0             9111             0.9111             -1             2.28442             2.32714
9.84         0             9090             0.909             -1             2.28646             2.30149
9.86         0             9042             0.9042             -1             2.28849             2.24479
9.88         0             9112             0.9112             -1             2.29051             2.32838
9.9         0             9109             0.9109             -1             2.29253             2.32467
9.92         0             9040             0.904             -1             2.29455             2.24248
9.94         0             9077             0.9077             -1             2.29657             2.28587
9.96         0             9101             0.9101             -1             2.29858             2.31486
9.98         0             9057             0.9057             -1             2.30058             2.26223
