-29857.8
-29865.4
-29871.6
-29877.5
-29883
-29888.3
-29893.5
-29898.5
-29903.3
-29908
-29912.6
-29917.2
-29921.6
-29925.9
-29930.2
-29934.4
-29938.6
-29942.7
-29946.7
-29950.7
-29954.6
-29958.4
-29962.3
-29966
-29969.8
-29973.5
-29977.1
-29980.7
-29984.3
-29987.8
-29991.3
-29994.8
-29998.2
-30001.6
-30005
-30008.3
-30011.7
-30014.9
-30018.2
-30021.4
-30024.6
-30027.8
-30031
-30034.1
-30037.2
-30040.3
-30043.3
-30046.4
-30049.4
-30052.4
-30055.4
-30058.3
-30061.2
-30064.2
-30067
-30069.9
-30072.8
-30075.6
-30078.4
-30081.2
-30084
-30086.7
-30089.5
-30092.2
-30094.9
-30097.6
-30100.3
-30103
-30105.6
-30108.2
-30110.8
-30113.4
-30116
-30118.6
-30121.1
-30123.7
-30126.2
-30128.7
-30131.2
-30133.7
-30136.2
-30138.6
-30141.1
-30143.5
-30145.9
-30148.3
-30150.7
-30153.1
-30155.4
-30157.8
-30160.1
-30162.4
-30164.8
-30167.1
-30169.4
-30171.6
-30173.9
-30176.2
-30178.4
-30180.7
-30182.9
-30185.1
-30187.3
-30189.5
-30191.7
-30193.8
-30196
-30198.2
-30200.3
-30202.4
-30204.5
-30206.6
-30208.7
-30210.8
-30212.9
-30215
-30217
-30219.1
-30221.1
-30223.1
-30225.2
-30227.2
-30229.2
-30231.2
-30233.1
-30235.1
-30237.1
-30239
-30241
-30242.9
-30244.9
-30246.8
-30248.7
-30250.6
-30252.5
-30254.4
-30256.3
-30258.1
-30260
-30261.8
-30263.7
-30265.5
-30267.3
-30269.2
-30271
-30272.8
-30274.6
-30276.3
-30278.1
-30279.9
-30281.7
-30283.4
-30285.2
-30286.9
-30288.6
-30290.4
-30292.1
-30293.8
-30295.5
-30297.2
-30298.9
-30300.6
-30302.2
-30303.9
-30305.6
-30307.2
-30308.8
-30310.5
-30312.1
-30313.7
-30315.3
-30317
-30318.6
-30320.2
-30321.7
-30323.3
-30324.9
-30326.5
-30328
-30329.6
-30331.1
-30332.7
-30334.2
-30335.7
-30337.2
-30338.8
-30340.3
-30341.8
-30343.3
-30344.7
-30346.2
-30347.7
-30349.2
-30350.6
-30352.1
-30353.5
-30355
-30356.4
-30357.8
-30359.3
-30360.7
-30362.1
-30363.5
-30364.9
-30366.3
-30367.7
-30369
-30370.4
-30371.8
-30373.1
-30374.5
-30375.8
-30377.2
-30378.5
-30379.9
-30381.2
-30382.5
-30383.8
-30385.1
-30386.4
-30387.7
-30389
-30390.3
-30391.6
-30392.9
-30394.1
-30395.4
-30396.6
-30397.9
-30399.1
-30400.4
-30401.6
-30402.8
-30404.1
-30405.3
-30406.5
-30407.7
-30408.9
-30410.1
-30411.3
-30412.5
-30413.6
-30414.8
-30416
-30417.1
-30418.3
-30419.4
-30420.6
-30421.7
-30422.9
-30424
-30425.1
-30426.2
-30427.4
-30428.5
-30429.6
-30430.7
-30431.8
-30432.9
-30433.9
-30435
-30436.1
-30437.2
-30438.2
-30439.3
-30440.3
-30441.4
-30442.4
-30443.5
-30444.5
-30445.5
-30446.5
-30447.6
-30448.6
-30449.6
-30450.6
-30451.6
-30452.6
-30453.6
-30454.5
-30455.5
-30456.5
-30457.5
-30458.4
-30459.4
-30460.3
-30461.3
-30462.2
-30463.2
-30464.1
-30465
-30466
-30466.9
-30467.8
-30468.7
-30469.6
-30470.5
-30471.4
-30472.3
-30473.2
-30474.1
-30474.9
-30475.8
-30476.7
-30477.5
-30478.4
-30479.2
-30480.1
-30480.9
-30481.8
-30482.6
-30483.4
-30484.3
-30485.1
-30485.9
-30486.7
-30487.5
-30488.3
-30489.1
-30489.9
-30490.7
-30491.5
-30492.3
-30493.1
-30493.8
-30494.6
-30495.4
-30496.1
-30496.9
-30497.6
-30498.4
-30499.1
-30499.8
-30500.6
-30501.3
-30502
-30502.7
-30503.5
-30504.2
-30504.9
-30505.6
-30506.3
-30507
-30507.7
-30508.3
-30509
-30509.7
-30510.4
-30511
-30511.7
-30512.3
-30513
-30513.6
-30514.3
-30514.9
-30515.6
-30516.2
-30516.8
-30517.4
-30518
-30518.7
-30519.3
-30519.9
-30520.5
-30521.1
-30521.7
-30522.2
-30522.8
-30523.4
-30524
-30524.6
-30525.1
-30525.7
-30526.2
-30526.8
-30527.3
-30527.9
-30528.4
-30529
-30529.5
-30530
-30530.6
-30531.1
-30531.6
-30532.1
-30532.6
-30533.1
-30533.6
-30534.1
-30534.6
-30535.1
-30535.6
-30536
-30536.5
-30537
-30537.5
-30537.9
-30538.4
-30538.8
-30539.3
-30539.7
-30540.2
-30540.6
-30541.1
-30541.5
-30541.9
-30542.3
-30542.7
-30543.2
-30543.6
-30544
-30544.4
-30544.8
-30545.2
-30545.6
-30546
-30546.3
-30546.7
-30547.1
-30547.5
-30547.8
-30548.2
-30548.5
-30548.9
-30549.2
-30549.6
-30549.9
-30550.3
-30550.6
-30550.9
-30551.2
-30551.6
-30551.9
-30552.2
-30552.5
-30552.8
-30553.1
-30553.4
-30553.7
-30554
-30554.3
-30554.6
-30554.8
-30555.1
-30555.4
-30555.6
-30555.9
-30556.1
-30556.4
-30556.6
-30556.9
-30557.1
-30557.4
-30557.6
-30557.8
-30558.1
-30558.3
-30558.5
-30558.7
-30558.9
-30559.1
-30559.3
-30559.5
-30559.7
-30559.9
-30560.1
-30560.3
-30560.4
-30560.6
-30560.8
-30560.9
-30561.1
-30561.3
-30561.4
-30561.6
-30561.7
-30561.8
-30562
-30562.1
-30562.2
-30562.4
-30562.5
-30562.6
-30562.7
-30562.8
-30563
-30563.1
-30563.2
-30563.2
-30563.3
-30563.4
-30563.5
-30563.6
-30563.7
-30563.7
-30563.8
-30563.9
-30563.9
-30564
-30564
-30564.1
-30564.1
-30564.2
-30564.2
-30564.2
-30564.3
-30564.3
-30564.3
-30564.3
-30564.4
-30564.4
-30564.4
-30564.4
-30564.4
-30564.4
-30564.4
-30564.3
-30564.3
-30564.3
-30564.3
-30564.2
-30564.2
-30564.2
-30564.1
-30564.1
-30564
-30564
-30563.9
-30563.9
-30563.8
-30563.7
-30563.7
-30563.6
-30563.5
-30563.4
-30563.3
-30563.2
-30563.1
-30563
-30562.9
-30562.8
-30562.7
-30562.6
-30562.5
-30562.3
-30562.2
-30562.1
-30562
-30561.8
-30561.7
-30561.5
-30561.4
-30561.2
-30561.1
-30560.9
-30560.7
-30560.6
-30560.4
-30560.2
-30560
-30559.8
-30559.6
-30559.5
-30559.3
-30559
-30558.8
-30558.6
-30558.4
-30558.2
-30558
-30557.8
-30557.5
-30557.3
-30557.1
-30556.8
-30556.6
-30556.3
-30556.1
-30555.8
-30555.5
-30555.3
-30555
-30554.7
-30554.5
-30554.2
-30553.9
-30553.6
-30553.3
-30553
-30552.7
-30552.4
-30552.1
-30551.8
-30551.5
-30551.2
-30550.8
-30550.5
-30550.2
-30549.8
-30549.5
-30549.1
-30548.8
-30548.4
-30548.1
-30547.7
-30547.3
-30547
-30546.6
-30546.2
-30545.9
-30545.5
-30545.1
-30544.7
-30544.3
-30543.9
-30543.5
-30543.1
-30542.7
-30542.3
-30541.8
-30541.4
-30541
-30540.5
-30540.1
-30539.7
-30539.2
-30538.8
-30538.3
-30537.8
-30537.4
-30536.9
-30536.4
-30536
-30535.5
-30535
-30534.5
-30534
-30533.5
-30533
-30532.5
-30532
-30531.5
-30531
-30530.5
-30529.9
-30529.4
-30528.9
-30528.3
-30527.8
-30527.2
-30526.7
-30526.1
-30525.6
-30525
-30524.5
-30523.9
-30523.3
-30522.7
-30522.1
-30521.5
-30520.9
-30520.4
-30519.8
-30519.2
-30518.5
-30517.9
-30517.3
-30516.7
-30516.1
-30515.4
-30514.8
-30514.2
-30513.5
-30512.9
-30512.2
-30511.6
-30510.9
-30510.2
-30509.5
-30508.9
-30508.2
-30507.5
-30506.8
-30506.1
-30505.4
-30504.7
-30504
-30503.3
-30502.6
-30501.9
-30501.2
-30500.4
-30499.7
-30499
-30498.2
-30497.5
-30496.8
-30496
-30495.2
-30494.5
-30493.7
-30493
-30492.2
-30491.4
-30490.6
-30489.8
-30489
-30488.2
-30487.4
-30486.6
-30485.8
-30485
-30484.1
-30483.3
-30482.5
-30481.7
-30480.8
-30480
-30479.1
-30478.3
-30477.4
-30476.5
-30475.7
-30474.8
-30473.9
-30473
-30472.2
-30471.3
-30470.4
-30469.5
-30468.6
-30467.7
-30466.7
-30465.8
-30464.9
-30463.9
-30463
-30462.1
-30461.1
-30460.2
-30459.2
-30458.3
-30457.3
-30456.3
-30455.3
-30454.3
-30453.4
-30452.4
-30451.4
-30450.4
-30449.4
-30448.4
-30447.3
-30446.3
-30445.3
-30444.3
-30443.3
-30442.2
-30441.2
-30440.1
-30439.1
-30438
-30436.9
-30435.9
-30434.8
-30433.7
-30432.6
-30431.5
-30430.4
-30429.3
-30428.2
-30427.1
-30426
-30424.9
-30423.7
-30422.6
-30421.4
-30420.3
-30419.2
-30418
-30416.8
-30415.7
-30414.5
-30413.3
-30412.1
-30411
-30409.8
-30408.6
-30407.4
-30406.2
-30405
-30403.7
-30402.5
-30401.3
-30400
-30398.8
-30397.6
-30396.3
-30395
-30393.8
-30392.5
-30391.2
-30390
-30388.7
-30387.4
-30386.1
-30384.8
-30383.5
-30382.2
-30380.8
-30379.5
-30378.2
-30376.9
-30375.5
-30374.2
-30372.8
-30371.4
-30370.1
-30368.7
-30367.3
-30365.9
-30364.5
-30363.1
-30361.7
-30360.3
-30358.9
-30357.5
-30356
-30354.6
-30353.1
-30351.7
-30350.2
-30348.8
-30347.3
-30345.8
-30344.3
-30342.8
-30341.3
-30339.8
-30338.3
-30336.8
-30335.3
-30333.8
-30332.2
-30330.7
-30329.1
-30327.6
-30326
-30324.5
-30322.9
-30321.3
-30319.7
-30318.1
-30316.5
-30314.9
-30313.3
-30311.7
-30310
-30308.4
-30306.7
-30305.1
-30303.4
-30301.7
-30300.1
-30298.4
-30296.7
-30295
-30293.3
-30291.6
-30289.9
-30288.2
-30286.4
-30284.7
-30282.9
-30281.2
-30279.4
-30277.6
-30275.9
-30274.1
-30272.3
-30270.5
-30268.7
-30266.9
-30265
-30263.2
-30261.4
-30259.5
-30257.6
-30255.7
-30253.9
-30252
-30250.1
-30248.2
-30246.3
-30244.3
-30242.4
-30240.5
-30238.5
-30236.6
-30234.6
-30232.7
-30230.7
-30228.7
-30226.7
-30224.6
-30222.6
-30220.6
-30218.6
-30216.5
-30214.4
-30212.4
-30210.3
-30208.2
-30206.1
-30204
-30201.9
-30199.7
-30197.6
-30195.5
-30193.3
-30191.1
-30188.9
-30186.8
-30184.6
-30182.3
-30180.1
-30177.9
-30175.6
-30173.4
-30171.1
-30168.8
-30166.5
-30164.2
-30161.9
-30159.6
-30157.2
-30154.9
-30152.5
-30150.1
-30147.8
-30145.4
-30143
-30140.5
-30138.1
-30135.6
-30133.2
-30130.7
-30128.2
-30125.7
-30123.1
-30120.6
-30118
-30115.4
-30112.9
-30110.3
-30107.6
-30105
-30102.3
-30099.7
-30097
-30094.3
-30091.6
-30088.8
-30086.1
-30083.3
-30080.6
-30077.8
-30075
-30072.1
-30069.3
-30066.4
-30063.5
-30060.6
-30057.7
-30054.8
-30051.8
-30048.8
-30045.8
-30042.7
-30039.7
-30036.6
-30033.4
-30030.3
-30027.1
-30023.9
-30020.7
-30017.5
-30014.2
-30010.9
-30007.6
-30004.3
-30000.9
-29997.5
-29994
-29990.6
-29987.1
-29983.5
-29980
-29976.4
-29972.7
-29969
-29965.3
-29961.5
-29957.7
-29953.8
-29949.9
-29945.9
-29941.9
-29937.8
-29933.6
-29929.4
-29925.2
-29920.8
-29916.4
-29911.9
-29907.3
-29902.5
-29897.7
-29892.7
-29887.6
-29882.2
-29876.7
-29870.9
-29864.7
-29857.8
